86508749
87491467
84100109
86525242
90160360
84084056
84018292
85263212
85394322
84444458
86131427
84509955
86901994
85738638
86312136
84509828
84542439
84133155
87229753
86606754
85721959
87868576
86459197
84558772
85738879
84001700
86967668
84591492
86492384
85590896
86803550
86377549
87180227
84804470
84427888
87966732
85017399
87262280
84706039
102765229
84182353
85001173
84886425
87524408
86574170
86885570
87704372
84428152
87836025
85640198
85755011
84673371
86557957
84591736
84100189
177488205
85689501
106033236
84608064
85116175
85411219
87884638
86656270
84608136
85443544
93432257
87868510
78985959
86541177
85689556
87098128
87032831
84214705
87065425
87098778
85672885
223956388
104441292
128680040
84804976
87406278
87769978
84394870
87065918
85099833
84687671
86017168
86803845
85902420
84968739
86361280
84198102
86688916
84968589
85836882
86262725
85328655
86213597
123042208
124726735
239262070
230198701
87507935